8.395905142781021069e-02
4.127474977567834324e-01
2.118094104720741888e-01
6.138587879680509896e-02
4.316272162151748581e-01
1.892561851024072983e-01
9.996471730239263609e-01
1.700224202290413766e-01
4.510928148616594885e-02
3.194437690982429578e-01
8.113774406256064609e-01
6.280052974230239393e-02
2.777037133844770245e-01
1.717340822103371190e-01
9.388549731939213050e-01
6.148189735165129205e-02
2.134253049351485798e-01
3.052310206938310677e-01
7.764684253693820981e-01
1.797198617097483242e-01
2.535053608163487793e-01
4.592825783862930500e-02
1.907898460499899973e-01
3.624216270235239290e-01
1.158860843576550170e-01
3.031924934818995832e-01
4.170681467100074147e-01
3.637059713807552080e-02
3.273328428219896696e-02
1.249457505510733757e-01
4.877989008832320922e-02
8.181546626850791371e-02
4.169695829455078578e-02
2.281170657120495660e-01
7.361964332939590072e-01
3.598742111559765644e-01
7.438386524151513468e-02
4.661250944442089650e-01
1.009596822944116984e-01
4.905078929292371048e-02
2.394332082116122640e-01
4.266533414105418420e-01
7.963051705553905735e-02
9.596472267483781293e-02
9.144104634734853132e-01
4.383916139563100167e-02
1.643796562596452071e-01
8.681197575412334666e-02
7.182850097203322126e-02
2.407152513324813115e-01
9.997969348032996750e-01
1.932322135290907850e-01
9.996727589197444974e-01
3.894795521680421979e-01
8.518373731845156893e-01
8.968113748335362345e-01
7.202721416395018172e-01
6.053466696548244208e-01
6.427848509587977821e-01
9.497304660608544280e-01
8.275765228004841045e-01
8.430963508125230987e-01
1.820338915562223214e-01
8.807313420487379307e-01
9.644594097381757880e-01
6.514059246531207492e-01
8.289144615227888035e-01
9.986069504532515406e-01
3.793487226344105512e-01
9.482520791680565386e-01
9.774244086063010872e-01
3.118115951156555377e-01
6.300748685382749903e-01
4.262022474268070682e-01
8.020873869997376948e-01
9.912836017838689839e-01
7.102157301123344091e-01
4.702087207801821100e-01
9.820117305287748843e-01
2.498708403714922921e-01
1.602604830770822664e-01
9.998601128206368038e-01
9.681688044633617318e-01
9.343402462401759756e-01
5.085322634496159955e-01
8.780018335907269211e-01
8.046773702533500661e-01
6.498029884682740009e-01
7.525089868872328891e-01
9.999454554726115996e-01
2.342785725904063254e-01
7.147137626743378380e-01
6.953308880487515387e-01
8.041847088594838988e-01
8.354013748844524301e-01
5.220584791725230156e-01
5.029738557928487008e-01
7.232956640258895176e-01
9.979439320216575426e-01
4.142511836177283358e-01
