1.849953337963205213e-01
1.220791153064166301e-01
1.207852834967051703e-01
1.228427194437153869e-01
9.455383373759802534e-01
9.166822349592027575e-01
3.093723093842070115e-01
9.361829914021079641e-03
2.275558602520609541e-01
1.893130713175711910e-01
1.697399271602894610e-01
1.204080283785077671e-01
8.265533099532216266e-01
9.178534931411576336e-02
8.516397137795393979e-01
3.987170063430507672e-02
2.916344816415550323e-01
1.510439877980499501e-01
2.708835857533167801e-01
6.273139763444519901e-02
1.450786927083116129e-01
2.209632019640494494e-01
1.217282309852350669e-01
4.457694353603413456e-02
2.213137546093182917e-01
2.223133600074231331e-01
3.785960663552677130e-01
9.805251710504973850e-02
9.844233682964755039e-02
1.150523487669964373e-01
4.122508264018686641e-01
5.835676369521121121e-01
7.013397235469309710e-02
1.849199339525259000e-01
7.390333519817028629e-02
2.900645567048367179e-01
3.640263853185429221e-01
2.808386177503581771e-01
1.038725373185882123e-01
1.818640948021827547e-02
2.285281406293777628e-01
6.809466479580275622e-02
2.028854515275636816e-01
3.156093254718486674e-01
8.909837287043045895e-02
2.237065374953618180e-01
2.562076747457947001e-01
3.695713821039777608e-02
1.410424749423908330e-01
1.568386884847450813e-01
9.317855755325072931e-01
7.358836243389832443e-01
7.833305536421941717e-01
8.592675208406639342e-01
5.865927228934785242e-01
8.451064952172462341e-01
9.096532645879571444e-01
6.675485729388092038e-01
6.507423247140722289e-01
9.565950933272543422e-01
8.962023761185584636e-01
4.227020740207207972e-01
9.773337772523212896e-01
6.752938634585582411e-01
5.098909783257892236e-01
9.794628855105929066e-01
9.524517947107902227e-01
8.125922125115716543e-01
9.021820086755796275e-01
4.216910684263205922e-01
6.252297764873444574e-01
4.783866352161881275e-01
3.509581962519776055e-01
9.847919195976815310e-01
2.575119945501332386e-01
8.466291335983927580e-01
8.244665108900801620e-01
7.249136108070142193e-01
8.390147432197324340e-02
7.632555600825321473e-01
7.534911264891076543e-01
8.903322709138821178e-01
8.931204499595782886e-01
9.624907499097895558e-01
7.666126826327026578e-01
9.547908339562357627e-01
9.955925620700197820e-01
4.095736104273895450e-01
9.809345620424819723e-01
8.975747114456651410e-01
7.353312156993746518e-01
4.907089544429932837e-01
5.643886822644939016e-01
8.609824539022288281e-01
2.190553037710986917e-01
9.477372885409662828e-01
8.910611597488974356e-01
6.731991938597473579e-01
8.274172566817067365e-01
9.788009697102010298e-01
