9.699478902932190394e+00
7.159810184843692582e+00
1.175753581465491493e+01
7.316031813152317653e+00
1.761127885457592157e+01
6.242709252957484800e+00
7.647305727116949114e+00
8.114477252011948138e+00
8.752357307564615496e+00
6.352161224666201811e+00
5.438690899977354221e+00
6.745704005945129644e+00
8.243253263593663505e+00
9.515195560534381869e+00
9.069431238131363315e+00
9.596754778760310245e+00
8.699602687202478535e+00
1.246853870539198716e+01
9.110645447555002718e+00
9.516406803491799238e+00
7.470026883486236891e+00
1.112809946764630809e+01
8.382743816588673624e+00
6.988569734254773458e+00
6.066685504730524592e+00
5.828895340585173557e+00
1.479465156145984395e+01
6.121796036160596088e+00
1.411193616852845345e+01
5.407499339270069427e+00
9.768357816103099722e+00
7.961416678672745384e+00
7.637663303856673025e+00
1.116028968321955972e+01
1.040672251083325861e+01
1.257720541146102100e+01
8.412719559761942634e+00
6.820634566264121901e+00
1.024051792089110258e+01
5.734490596499642656e+00
4.688520798100027420e+00
1.254264366136348308e+01
6.621942380230509073e+00
8.745210083803351964e+00
1.509062680917167043e+01
1.030687857517269457e+01
1.007599465187618115e+01
7.438528010078840680e+00
8.165595729553970727e+00
1.191389715061662358e+01
7.634489237465991174e+00
9.093543410325001020e+00
9.998062121066441321e+00
6.385334857392046537e+00
1.352198419522178696e+01
7.665683472015584421e+00
6.856938250878852337e+00
1.022093291358158318e+01
9.576222522367423551e+00
9.911897973714637544e+00
7.277031551222272299e+00
7.945327091396374719e+00
1.395853220378421433e+01
6.580716324563560704e+00
1.623833285127493298e+01
6.478412805624332194e+00
8.434917963911745531e+00
5.679982423439441597e+00
1.308658364609398994e+01
8.394029425497748775e+00
5.728676767246230206e+00
1.417444357807949018e+01
7.921373902246524601e+00
1.042798124363542378e+01
1.309056529709561190e+01
1.371271595830682344e+01
5.910276193581240456e+00
1.220311982620372504e+01
7.027855629534945692e+00
7.016616933188830174e+00
1.089327316596848405e+01
1.105873452042351168e+01
1.493140257806193638e+01
4.909792766459135649e+00
4.902716269442333186e+00
7.908985894336929334e+00
1.986536043791682005e+01
4.036159013438191501e+00
1.574567879164258777e+01
9.183575282867179723e+00
6.069713825046932243e+00
7.016087021924692024e+00
7.701480197177686726e+00
5.918568613281845359e+00
1.500245977273465314e+01
7.356728959011711311e+00
9.161120081319634068e+00
9.063001117531019446e+00
8.827532431258553913e+00
1.539549052065242485e+01
9.939255278780528613e+00
1.771515999284176601e+01
1.105532852920361186e+01
1.215416063994214824e+01
9.245377172505934382e+00
4.308008176181626681e+00
8.839672398040615775e+00
6.845270053021138779e+00
8.594207119936625006e+00
1.027069438118001088e+01
7.998376676023932319e+00
1.007659734147233976e+01
6.302189100368664754e+00
9.912131635530847973e+00
1.330140248363101740e+01
1.760898894527611347e+01
1.372486234142287920e+01
1.204825726653267814e+01
7.760510106411287801e+00
9.857712208473357052e+00
9.152701600747697341e+00
1.106089356591118644e+01
6.017626264004158010e+00
8.904209928702098154e+00
6.142783941360907107e+00
1.290457060756713936e+01
1.239958003120560015e+01
1.366004656797646000e+01
9.134071296170384713e+00
7.484257783452484603e+00
5.133463500397353663e+00
6.232978179095974625e+00
6.011158274190733231e+00
1.483519379120395953e+01
9.505774873653818346e+00
1.275529528614704411e+01
1.680446941683153383e+01
7.101460757641053334e+00
1.025637822024924795e+01
1.213380336159221606e+01
1.348115426235947645e+01
1.039476319442351482e+01
1.453121464501987248e+01
1.052538040557288923e+01
1.769679257130619021e+01
9.420614105041918762e+00
1.531104122465252715e+01
1.213312131341714029e+01
5.415470856176748171e+00
8.871729687279371390e+00
8.415917514246245901e+00
9.025237325360000895e+00
1.507034162344274897e+01
1.249725984163074521e+01
1.201340544571054814e+01
6.843079541961669676e+00
7.605385510957266781e+00
7.979113523991478552e+00
4.941520599955575577e+00
5.306950220854565359e+00
4.711302669630524242e+00
9.163354508331462256e+00
9.051295775950570999e+00
8.140967372519357426e+00
7.420452798792287474e+00
1.147950082996395693e+01
1.475480255518627715e+01
7.801905790724206646e+00
1.118329574303546003e+01
1.078792457847575292e+01
1.537501848193401699e+01
1.001691975973865034e+01
5.330385942636268304e+00
1.149828481108662537e+01
1.585500606931747569e+01
5.947619466907236863e+00
1.659915491738786386e+01
1.283628731406781931e+01
6.145501901486447593e+00
9.223092372919357018e+00
1.491928272136533451e+01
1.398111013384736445e+01
1.026578291008555333e+01
6.654365302604465349e+00
9.984099535311262485e+00
8.797792077888304973e+00
9.074130327398131968e+00
8.456833479587459124e+00
7.898403746160495231e+00
5.373738466131740665e+00
1.030014855919144523e+01
1.367578274115288473e+01
6.884611106749450649e+00
5.890567663437167312e+00
6.601505105391494155e+00
6.955724598798786573e+00
1.234418939706656992e+01
1.143427416902081539e+01
1.137494272019491426e+01
1.283630442071251565e+01
5.646649688162736602e+00
4.333875951508886715e+00
5.716945976067548507e+00
8.873853575757536305e+00
9.027684223344706993e+00
6.828784305740811966e+00
9.974281622328010855e+00
7.051213747915040742e+00
7.624950182631332396e+00
6.807157500911396930e+00
1.034726933637530166e+01
5.828212345265304961e+00
6.849666223794497633e+00
7.775785333170466274e+00
4.990257434423981842e+00
8.994837347087706547e+00
4.973693328620976573e+00
8.448482798633136781e+00
5.231098770786865693e+00
6.649086250961519617e+00
9.243900249868966412e+00
1.418237916540981125e+01
1.225065817107511279e+01
8.443560171947435578e+00
7.541588541588084560e+00
1.109101255170457634e+01
1.149048043635786165e+01
8.286934579874719375e+00
6.308296527182904789e+00
1.095879637099183590e+01
8.714459635336181620e+00
6.479872064503007678e+00
1.121342673476185325e+01
1.188261055395822297e+01
5.689206622845271788e+00
8.548398698766133563e+00
6.027162444508659789e+00
1.101502306838714063e+01
1.009479301644957161e+01
1.890693124997461183e+01
9.386965567457849602e+00
6.424391648735262805e+00
9.817580924911821327e+00
8.854512045650391627e+00
1.087480000396351798e+01
1.111015155419138267e+01
9.036977410438579383e+00
6.753398749425596925e+00
1.191455630568298218e+01
9.627268611123326991e+00
